Test img:<class 'numpy.ndarray'> (28, 28) <class 'numpy.uint8'>

15,15 of (28, 28)
   0   0   0   0   0   0   0 100
   0   0   0   0   0   0 100 100
   0   0   0   0 100 100 100 100
   0   0 100 100 100 100 100 100
  44  44 100  44  44  44  44  44
  44  44  44  44  44  44   0   0
  44  44  44  44   0   0   0   0


   0   0   0   0   0   0   0   0   0   0   0   0   0   0   0   0   0   0   0   0   0   0   0   0   0   0   0   0
   0   0   0   0   0   0   0   0   0   0   0   0   0   0   0   0   0   0   0   0   0   0   0   0   0   0   0   0
   0   0   0   0   0   0   0   0   0   0   0   0   0   0   0   0   0   0   0   0   0   0   0   0   0   0   0   0
   0   0   0   0   0   0   0   0   0   0   0   0   0   0   0   0   0   0   0   0   0   0   0   0   0   0   0   0
   0   0   0   0   0   0   0   0   0   0   0   0   0   0   0   0   0   0   0   0   0   0   0   0   0   0   0   0
   0   0   0   0   0   0   0   0   0   0   0   0  44  44   0   0   0   0   0   0   0   0   0   0   0   0   0   0
   0   0   0   0   0   0   0   0   0   0   0  44  44 200 200  44  44  44 100 100 100   0   0   0   0   0   0   0
   0   0   0   0   0   0   0   0   0  44 100 100 100 200  44  44  44  44 100 100 100 100 100   0   0   0   0   0
   0   0   0   0   0   0   0   0  44 100 100 100 100 200  44  44  44  44 100 100 100 100 100 100   0   0   0   0
   0   0   0   0   0   0   0 100 100 100 100 100 100  44  44  44   0   0   0   0 100 100 100 100   0   0   0   0
   0   0   0   0   0   0 100 100 100 100 100 100   0   0  44   0   0   0   0   0   0 100 100 100 100   0   0   0
   0   0   0   0   0 100 100 100 100 100   0   0   0   0   0   0   0   0   0   0   0   0 100 100 100   0   0   0
   0   0   0   0   0 100 100 100 100   0   0   0   0   0   0   0   0   0   0   0   0   0 100 100 100   0   0   0
   0   0   0   0   0 100 100 100 100   0   0   0   0   0   0   0   0   0   0   0   0   0 100 100 100   0   0   0
   0   0   0   0   0 100 100 100   0   0   0   0   0   0   0   0   0   0   0   0   0   0 100 100 100   0   0   0
   0   0   0   0   0 100 100 100   0   0   0   0   0   0   0   0   0   0   0   0   0   0 100 100 100   0   0   0
   0   0   0   0   0 100 100 100   0   0   0   0   0   0   0   0   0   0   0   0   0 100 100 100 100   0   0   0
   0   0   0   0   0 100 100 100  44   0   0   0   0   0   0   0   0   0   0 100 100 100 100 100 100   0   0   0
   0   0   0   0   0 100 100 100  44   0   0   0   0   0   0   0   0 100 100 100 100 100 100 100   0   0   0   0
   0   0   0   0   0 100 100 100  44  44  44  44  44 200 200  44  44 100  44  44  44  44  44   0   0   0   0   0
   0   0   0   0   0   0 100 100  44  44  44  44  44  44  44  44  44  44  44  44  44   0   0   0   0   0   0   0
   0   0   0   0   0   0   0   0  44  44  44  44  44  44  44  44  44  44  44   0   0   0   0   0   0   0   0   0
   0   0   0   0   0   0   0   0   0   0   0   0  44   0   0   0   0   0   0   0   0   0   0   0   0   0   0   0
   0   0   0   0   0   0   0   0   0   0   0   0   0   0   0   0   0   0   0   0   0   0   0   0   0   0   0   0
   0   0   0   0   0   0   0   0   0   0   0   0   0   0   0   0   0   0   0   0   0   0   0   0   0   0   0   0
   0   0   0   0   0   0   0   0   0   0   0   0   0   0   0   0   0   0   0   0   0   0   0   0   0   0   0   0
   0   0   0   0   0   0   0   0   0   0   0   0   0   0   0   0   0   0   0   0   0   0   0   0   0   0   0   0
   0   0   0   0   0   0   0   0   0   0   0   0   0   0   0   0   0   0   0   0   0   0   0   0   0   0   0   0
